24 24
2 29
35 35
79 79
70 70
41 41
37 37
86 86
5 5
68 68
40 40
49 49
81 81
0 23
0 7
1 7
1 8
0 10
0 12
2 13
1 13
0 13
2 15
2 16
1 17
0 21
2 23
8 9
8 17
7 10
6 10
8 10
8 11
6 11
7 32
8 32
6 28
6 21
7 12
8 28
6 29
7 21
8 12
6 12
8 21
6 22
6 23
6 14
8 15
9 15
6 15
6 16
6 17
7 17
6 26
6 3
7 13
6 7
7 8
6 13
18 13
17 15
10 15
16 15
12 21
9 21
10 21
15 21
16 21
15 13
16 13
15 32
16 28
9 28
10 28
15 28
11 21
16 23
15 7
16 7
11 28
16 29
15 29
12 10
10 11
26 22
19 23
21 23
26 21
22 21
25 21
22 23
26 25
27 25
28 25
26 27
28 27
36 13
28 21
38 13
30 31
30 33
26 28
26 29
20 29
28 29
30 34
38 14
38 23
44 23
39 13
46 28
45 28
39 7
42 7
38 29
46 29
42 10
46 10
42 11
46 11
45 29
43 15
38 15
39 15
43 17
46 21
44 21
46 23
46 12
38 74
42 13
39 74
43 13
48 23
50 4
56 53
50 53
56 54
52 4
56 7
56 10
56 13
51 55
56 57
48 47
56 50
56 58
56 17
48 21
48 22
56 23
56 51
54 52
50 52
52 53
58 13
57 13
57 50
58 28
58 55
56 59
57 60
57 29
58 9
57 10
59 10
58 51
57 52
56 60
58 4
59 4
58 61
58 29
57 11
57 53
58 15
58 21
57 21
58 7
57 7
58 8
57 12
58 12
57 28
57 8
63 64
59 28
62 21
63 7
61 28
64 7
64 8
59 52
59 21
60 23
59 29
61 10
59 11
60 53
59 53
59 54
61 55
59 60
61 15
60 21
61 21
62 23
59 23
61 4
61 7
61 29
62 47
62 48
76 74
67 50
76 4
69 50
73 51
77 4
76 13
76 75
65 53
77 13
74 13
76 15
74 15
64 21
76 23
74 23
64 13
66 50
71 50
69 53
71 54
64 62
76 29
67 4
74 29
72 50
82 7
85 12
77 29
82 21
85 7
85 8
80 78
84 83
82 8
82 74
82 23
85 9
84 74
85 10
82 13
84 13
85 13
82 28
77 74
82 15
84 15
77 15
84 23
77 23
82 4
84 4
85 4
82 10
82 29
84 29
85 15
87 17
85 21
85 23
87 7
87 13
85 47
85 48
85 28
85 29
87 85
