547 547
980 980
751 751
750 750
962 962
338 338
125 125
744 744
915 915
930 930
981 981
688 688
882 882
15 15
10 10
1087 1087
1209 1209
0 26
1 0
2 564
2 37
3 344
3 367
2 28
2 560
1 1226
2 141
3 4
2 3
1 1229
2 36
2 35
1 1228
2 5
3 8
3 9
2 9
965 16
2 104
2 107
2 138
2 225
3 348
2 661
2 558
975 676
14 16
14 17
14 18
14 19
14 20
14 22
5 104
5 107
4 126
9 4
14 13
11 13
3 395
14 6
12 6
4 1204
9 8
14 11
12 11
14 12
17 16
14 25
1 29
1 56
1 83
1 30
1 104
1 107
1 138
1 148
1 185
1 200
1 213
1 152
1 284
1 323
17 6
1 37
1 367
1 358
1 239
1 126
1 94
1 141
1 3
16 13
18 13
1 2
1 50
1 5
1 7
1 9
33 37
34 28
1 381
32 41
34 41
32 46
32 37
34 37
34 46
32 34
33 34
34 59
34 58
32 35
34 35
32 38
34 38
34 50
1 425
34 26
34 60
34 104
1 405
1 421
1 709
1 721
1 736
34 42
1 780
1 818
879 822
916 891
1 917
1 954
1 1031
41 1205
1 1214
41 1217
1 1204
932 999
37 47
945 126
886 911
896 911
39 38
38 50
860 919
37 104
37 107
991 437
1042 1033
47 126
47 41
47 46
47 37
47 44
48 46
1097 141
1033 4
47 34
46 1206
46 59
958 385
1024 13
47 35
47 38
14 21
14 23
14 24
47 43
47 48
49 48
47 49
1080 1088
1046 1202
24 13
19 18
21 20
23 22
25 24
31 33
1157 399
1121 399
19 6
21 6
23 6
25 6
28 27
31 37
1146 541
1107 1098
1133 1063
28 126
1173 126
31 32
31 34
31 45
57 539
1189 1170
20 13
22 13
67 94
37 41
37 46
67 46
42 46
37 34
66 37
67 367
68 28
68 1066
69 74
37 31
66 47
66 126
67 126
68 126
69 126
68 73
37 36
37 39
70 82
37 35
36 35
37 38
35 50
37 5
34 107
66 399
67 399
68 399
69 399
41 1220
43 38
46 40
50 30
45 33
46 43
72 43
70 399
71 399
52 1217
52 1220
46 37
43 37
44 1212
46 47
70 126
44 41
46 41
43 41
43 46
71 75
44 34
46 34
53 54
71 93
46 35
43 35
46 38
76 37
77 37
56 57
75 74
76 47
57 53
76 46
57 4
56 4
75 1203
76 36
54 52
55 52
57 54
55 54
75 82
76 35
77 38
57 50
56 8
53 55
76 65
76 43
57 320
81 47
80 46
81 46
86 4
83 4
81 37
82 37
57 358
80 47
84 34
82 1203
83 86
82 39
81 84
80 85
82 38
82 50
85 50
83 8
59 60
80 65
81 65
61 399
65 1217
65 1220
87 37
73 37
86 541
62 64
63 64
61 62
64 31
61 126
64 41
87 46
72 46
62 1232
64 34
62 34
63 34
62 1203
62 63
72 86
87 36
72 93
87 35
64 50
62 50
72 399
91 398
73 1203
92 84
91 85
74 35
73 50
73 43
90 48
91 48
92 48
91 37
92 37
73 541
90 364
91 364
91 80
92 81
90 47
73 47
91 47
92 47
73 559
90 79
90 95
91 95
73 41
91 46
92 46
73 46
90 398
94 92
94 77
94 78
94 80
94 81
75 47
94 79
94 95
95 46
75 46
74 1203
74 36
94 397
95 397
94 345
94 96
74 37
75 37
94 367
96 28
94 364
94 381
94 76
94 87
74 50
94 50
75 50
94 48
94 88
94 89
94 90
94 91
79 46
86 46
86 59
77 39
96 84
96 85
96 35
96 38
77 65
78 65
79 65
86 68
96 43
96 37
78 37
80 37
79 37
96 1086
77 47
78 47
79 47
78 41
79 41
96 46
77 46
78 46
77 43
79 43
75 51
78 550
78 1217
86 94
87 95
104 108
102 98
86 71
100 98
87 48
88 48
101 98
86 104
104 105
86 107
103 98
88 46
87 398
88 37
86 97
87 364
87 76
87 47
88 47
104 106
102 59
100 59
101 59
103 59
86 539
86 72
104 107
104 110
86 318
102 319
100 319
101 319
103 319
86 93
105 106
103 126
88 38
123 126
124 126
88 95
89 41
89 46
88 398
106 107
118 111
119 112
120 113
121 114
122 115
123 116
124 117
89 37
105 109
88 364
128 239
88 77
89 47
131 127
131 130
128 138
131 138
109 106
110 106
120 126
131 126
121 126
118 126
119 126
122 126
89 48
93 399
134 676
134 691
89 95
92 95
90 41
97 46
90 46
94 46
93 46
97 34
89 398
92 398
134 557
134 552
137 13
137 14
90 37
94 37
93 28
89 364
92 364
89 78
94 47
93 126
97 84
97 85
97 35
97 38
97 50
137 50
137 22
90 43
140 143
98 539
98 50
137 104
140 107
140 127
140 130
132 133
140 142
134 142
140 145
140 266
98 319
99 319
98 367
98 28
140 137
134 137
134 128
140 131
140 126
140 134
97 98
99 98
98 46
140 141
131 141
98 1232
98 4
98 59
99 59
98 86
143 107
145 130
137 138
143 138
138 142
141 145
138 145
143 154
137 266
137 269
141 682
137 271
141 271
137 273
141 676
138 676
146 6
143 137
138 137
137 128
141 685
143 685
143 159
137 270
141 270
137 272
141 557
141 143
138 143
143 13
143 153
143 14
146 14
146 16
143 20
143 104
137 107
150 126
141 135
139 138
150 147
141 126
150 149
140 271
140 273
140 676
140 691
150 4
147 4
148 4
140 270
140 272
140 557
146 965
140 545
148 151
140 552
146 966
150 5
141 37
148 150
140 1212
140 541
139 140
140 682
141 137
140 5
148 8
140 26
140 104
141 127
141 130
157 156
155 20
165 156
153 20
153 104
141 138
161 156
157 154
163 156
159 154
156 158
164 156
157 158
166 156
158 156
152 157
151 126
152 4
155 14
153 155
153 14
156 159
151 150
153 28
141 140
162 156
158 159
160 159
155 13
153 13
157 153
159 153
152 8
181 175
182 159
182 13
182 205
182 18
153 107
153 154
182 14
182 187
182 162
179 156
171 156
175 156
178 156
172 156
176 156
167 156
168 156
169 156
170 156
174 156
180 156
181 156
173 156
177 156
180 175
183 186
184 18
183 18
184 14
183 14
184 187
183 187
183 156
184 165
183 126
185 4
184 159
183 159
183 163
184 13
183 13
185 188
185 157
185 184
186 126
185 182
188 14
186 14
186 1216
185 28
186 187
185 183
186 159
186 172
188 13
186 13
185 153
185 186
185 8
186 18
185 154
189 18
189 138
192 14
189 14
191 1216
188 187
188 179
191 553
191 162
189 171
192 126
189 126
189 141
188 159
192 159
192 163
192 13
189 13
189 209
191 205
189 205
188 18
192 18
193 164
195 13
191 13
193 13
194 13
192 205
194 205
195 18
191 18
193 18
194 18
195 14
191 14
193 14
194 14
193 1216
189 1216
194 1216
194 553
191 126
193 126
191 159
193 159
190 159
189 1207
190 161
194 143
198 169
199 170
200 153
198 205
200 8
199 138
194 138
198 138
200 154
200 191
198 1216
200 28
198 553
200 192
200 157
194 126
198 126
199 141
194 141
198 141
200 4
200 190
199 159
194 159
198 159
196 159
200 194
195 166
196 13
198 13
196 167
197 168
197 205
196 205
196 18
198 18
195 138
200 195
196 14
198 14
196 1216
200 193
200 197
194 165
195 126
196 126
195 141
195 159
197 159
200 196
200 198
200 206
203 14
200 211
200 199
200 204
200 207
202 126
203 126
200 208
200 202
202 159
203 159
202 172
203 13
200 203
200 209
202 205
203 205
200 205
203 18
200 201
203 173
208 205
207 18
202 18
209 18
208 138
209 138
207 177
208 178
208 141
209 141
206 159
204 159
207 14
202 14
209 14
207 126
209 126
207 159
208 159
201 159
201 189
206 176
207 13
202 13
209 13
204 174
200 212
206 205
204 205
211 18
206 138
205 138
210 160
206 14
211 14
209 1216
205 1216
209 179
209 553
205 553
206 126
211 126
205 126
205 141
211 159
210 159
209 159
210 189
205 1207
205 143
206 13
211 13
209 205
206 18
213 4
213 215
212 159
212 13
214 14
212 14
212 126
206 141
211 180
212 181
214 153
211 212
211 205
212 205
860 862
213 8
212 18
214 20
215 104
215 107
214 154
214 6
224 35
215 153
223 37
225 8
216 138
215 138
215 154
218 303
222 558
223 558
224 558
222 649
224 37
215 317
215 330
217 218
218 126
215 126
223 649
224 649
218 301
222 37
216 141
225 4
223 34
224 34
215 159
215 143
215 214
218 298
222 35
223 35
221 37
225 222
219 218
225 31
225 223
225 224
222 34
221 34
225 34
218 313
221 35
218 304
221 558
221 649
227 138
226 138
229 138
226 142
229 142
227 228
227 255
226 321
226 691
230 237
226 232
226 137
226 231
229 231
226 242
227 246
227 256
228 256
226 229
227 685
227 159
226 249
226 557
227 143
229 143
226 552
226 1224
229 5
232 676
229 676
229 691
229 237
232 260
234 232
232 682
232 231
235 126
232 226
232 685
229 685
232 143
232 552
232 5
231 5
235 26
232 26
232 104
232 107
232 138
231 138
232 142
231 142
232 259
237 694
239 258
237 697
241 1211
235 234
241 931
237 890
235 231
235 239
240 805
240 892
239 126
235 226
239 226
239 229
237 894
239 5
239 104
239 107
235 138
239 138
235 142
235 219
241 237
239 235
237 893
235 232
235 263
239 264
239 252
239 261
242 280
241 1212
237 241
237 230
242 137
242 231
242 106
242 246
237 685
242 270
242 272
242 5
242 104
242 110
242 138
242 142
236 238
242 273
237 676
237 679
237 690
248 250
249 250
258 232
258 229
249 557
245 233
245 44
252 1224
252 231
249 5
258 231
252 138
243 138
249 231
258 239
249 138
252 139
244 239
252 142
252 126
249 142
252 227
258 227
252 262
250 37
250 41
249 219
247 238
248 46
246 255
253 259
249 37
244 28
252 226
258 226
244 226
243 322
250 44
250 47
250 246
250 256
251 256
250 46
252 5
252 26
250 43
250 251
250 255
258 126
258 141
254 236
258 138
258 139
258 142
258 557
259 236
263 1224
258 1224
264 260
263 5
263 26
263 138
264 138
263 139
258 260
264 139
264 142
263 142
260 257
264 257
268 275
264 232
263 252
264 258
261 258
263 231
264 231
263 239
268 279
263 126
264 126
265 275
263 227
264 141
260 226
263 226
264 226
258 249
272 137
273 137
277 279
280 34
270 34
272 270
273 270
270 272
280 35
270 266
270 267
270 269
270 273
272 273
279 275
276 275
274 275
277 275
280 137
284 285
280 279
285 126
285 34
285 150
284 290
280 270
280 297
280 272
284 272
283 278
280 50
284 314
280 268
280 269
284 273
280 275
283 275
282 275
280 282
280 558
284 1034
284 1035
280 301
291 34
290 270
285 270
291 270
285 272
290 104
290 107
287 286
291 265
290 271
285 271
290 280
285 280
290 281
290 137
290 31
288 126
290 287
290 34
285 273
291 274
291 275
291 297
292 611
292 612
292 596
292 600
290 292
292 603
292 601
292 602
292 598
290 662
290 663
292 599
292 604
292 34
292 270
292 610
292 50
292 265
292 269
291 277
290 291
291 301
309 298
292 573
307 306
305 295
305 296
292 297
307 302
300 303
292 569
305 303
292 288
304 303
292 274
292 585
292 275
292 277
292 301
292 570
292 571
292 581
292 584
305 300
292 289
292 574
292 588
307 308
305 294
309 301
300 299
292 587
299 311
325 4
315 34
313 307
324 1203
314 315
326 138
313 303
322 321
323 322
314 649
324 150
313 310
315 297
324 380
292 595
292 614
292 615
314 1033
315 1033
324 1226
324 126
292 592
313 309
315 41
326 141
292 589
292 593
292 637
327 141
297 34
299 308
297 313
297 35
298 299
297 37
326 541
292 618
292 638
292 616
297 305
327 138
299 306
299 303
297 303
298 303
292 617
297 558
326 988
297 649
309 313
313 293
327 439
336 18
336 24
337 104
328 104
337 107
328 107
343 129
339 138
310 312
309 312
309 304
344 318
344 320
343 342
339 676
327 345
336 14
344 367
341 28
343 541
328 239
344 126
337 126
328 126
336 126
341 126
340 46
344 4
336 382
345 1086
329 126
347 126
346 126
328 367
345 156
345 157
347 392
345 141
347 141
346 1232
347 4
345 159
347 339
345 143
328 244
345 153
345 205
329 104
329 107
329 138
347 138
345 154
347 319
346 389
345 676
328 1204
333 141
329 226
332 372
353 382
332 1203
350 1203
329 244
344 539
352 50
353 18
352 26
331 138
350 138
333 138
331 145
333 145
329 367
330 28
332 28
344 541
344 393
344 395
350 392
329 239
330 126
332 126
350 126
357 126
334 126
335 126
330 368
329 141
350 141
331 141
336 6
362 946
362 541
344 1043
363 381
360 1029
344 1033
345 47
345 126
363 126
345 46
361 420
360 1000
362 4
363 382
362 539
360 990
360 995
360 996
360 1030
347 551
345 138
363 323
363 435
361 359
361 360
362 393
362 929
360 1027
362 391
348 369
366 541
366 695
367 14
366 28
347 1219
366 126
366 141
347 1221
367 4
348 373
366 856
366 687
347 1203
366 539
367 13
367 5
348 8
367 24
366 138
366 145
366 331
366 333
348 370
366 676
347 1205
347 1217
365 1204
367 254
367 259
367 322
367 323
357 323
367 336
367 351
357 1204
367 344
348 377
357 367
367 357
367 361
348 376
348 378
367 381
367 347
367 337
367 362
367 382
357 388
367 346
367 363
357 365
367 371
348 374
358 5
349 8
358 104
358 107
349 138
367 253
370 107
369 138
369 271
369 273
368 348
368 349
358 354
358 356
359 1027
358 355
369 280
369 137
360 430
359 430
359 1029
369 126
370 126
359 420
360 420
369 685
359 1000
369 270
369 272
368 1203
369 143
359 990
359 995
359 996
359 1030
370 5
370 104
373 104
367 126
374 126
367 107
374 107
373 107
367 130
367 135
367 138
367 145
367 243
364 126
365 321
363 444
373 126
365 126
375 126
367 141
367 226
367 420
367 388
367 143
367 236
367 244
367 539
363 436
367 37
367 28
363 440
363 449
363 441
363 446
373 358
367 239
363 443
365 346
374 5
367 104
374 104
380 26
378 104
378 107
377 271
377 273
381 321
382 321
367 676
367 1204
379 906
380 28
377 280
367 541
377 281
377 317
378 317
379 913
377 330
378 330
381 380
367 695
378 126
379 126
379 685
367 1025
377 270
377 272
381 382
367 856
367 687
378 5
368 138
371 138
370 138
371 323
384 943
384 676
367 1214
384 1204
384 906
371 367
384 893
368 126
371 126
385 126
368 141
371 141
385 383
384 685
384 687
371 365
367 1224
368 8
372 8
377 104
376 104
402 104
372 104
375 104
377 107
376 107
402 107
375 107
399 138
399 145
372 348
371 1204
401 1204
400 28
401 28
401 324
398 364
376 126
400 126
372 126
401 126
374 1036
399 141
374 1223
371 388
397 398
372 1203
376 5
402 5
373 5
386 126
408 126
408 352
384 383
387 383
386 383
383 4
383 687
383 539
409 138
384 319
407 399
383 676
407 676
385 690
409 37
409 28
408 28
384 541
387 541
385 541
386 541
407 541
387 384
385 384
386 384
377 137
388 316
377 126
384 126
387 126
383 126
409 126
420 70
416 138
388 323
420 332
417 389
390 393
416 239
419 126
391 393
416 1227
388 1204
417 1204
416 1204
392 126
420 126
417 126
416 126
389 126
416 141
392 4
420 328
392 544
389 1203
414 50
415 50
413 425
392 551
392 554
420 28
417 28
392 541
420 329
420 330
389 26
420 61
420 66
420 69
404 5
404 104
404 107
394 320
420 401
420 366
420 403
420 405
420 406
420 408
420 412
420 413
420 414
420 415
420 416
393 540
395 540
392 676
392 1205
394 541
420 419
397 364
420 402
420 404
402 126
404 126
403 126
420 337
420 400
420 367
394 4
420 409
420 410
420 411
394 539
420 335
420 407
420 417
410 126
411 126
407 126
405 126
406 126
409 141
410 141
411 141
407 141
420 431
411 143
411 153
407 138
410 37
409 367
410 367
405 367
410 28
405 28
406 28
409 541
410 541
407 350
420 430
420 422
406 347
410 138
411 138
411 154
420 423
420 424
420 435
411 399
406 399
420 539
420 990
412 425
420 995
420 996
422 1021
422 5
421 8
422 104
422 107
420 1231
423 28
412 28
413 28
424 28
420 1001
420 541
423 541
420 999
421 426
421 402
421 404
412 126
413 126
423 126
424 126
420 1000
421 4
420 1230
430 61
430 66
430 69
426 418
426 427
429 427
428 427
429 428
425 676
420 1004
420 1026
420 1027
420 1023
424 541
420 1018
420 1024
420 1003
426 430
429 430
420 1005
420 1029
426 429
426 126
420 1002
426 1215
429 1215
425 687
420 1006
420 1022
420 1030
430 424
430 435
430 367
430 366
430 1001
430 329
430 999
430 419
430 330
430 332
430 402
430 404
430 431
430 1000
430 1002
430 328
430 990
430 407
430 417
430 995
430 996
430 70
430 104
430 107
430 401
430 403
430 406
430 418
430 423
430 413
430 414
430 415
430 416
430 1004
430 1026
430 1027
430 1023
432 1204
432 367
432 280
430 1018
430 1024
430 1003
430 1005
430 1029
433 239
432 126
433 126
430 1215
430 1022
433 244
430 409
430 411
430 1030
433 26
433 104
433 107
430 408
430 412
437 22
437 104
437 107
439 129
439 138
432 271
432 273
438 538
437 448
439 326
439 399
439 676
439 541
439 327
439 137
432 239
439 432
439 126
438 126
439 433
437 141
439 141
439 434
439 343
432 270
439 270
432 272
439 687
432 244
437 153
436 692
439 693
436 541
437 6
433 1204
436 437
436 396
436 857
439 857
435 445
434 126
435 126
434 368
439 836
433 270
439 839
439 840
439 841
439 990
439 833
437 14
439 786
434 28
435 28
436 440
434 369
439 918
439 714
434 8
433 271
434 348
441 444
441 450
439 1027
441 440
441 449
440 541
439 1028
442 441
440 441
439 999
441 437
444 446
443 137
443 126
445 126
441 141
439 1000
443 270
441 442
440 442
440 439
440 539
439 995
439 996
441 138
445 319
441 538
441 438
446 462
446 464
446 465
446 472
446 473
446 475
439 1030
446 5
446 104
446 107
440 138
445 538
446 438
440 345
440 28
440 366
445 446
445 438
446 447
446 458
446 459
439 1029
440 141
446 455
446 463
446 474
445 1203
440 143
446 454
446 456
446 457
446 460
446 461
446 466
446 470
446 468
446 467
446 469
446 471
446 493
446 497
446 499
446 500
446 503
446 487
446 498
446 504
446 505
446 520
446 478
446 506
446 521
446 502
446 494
446 501
446 476
446 477
446 479
446 492
446 491
446 482
446 486
446 490
446 495
446 496
446 481
446 485
446 480
446 483
446 484
446 488
446 489
446 509
446 507
446 512
446 514
446 515
446 508
446 510
446 511
446 513
446 516
446 517
446 518
446 519
446 530
455 138
455 451
454 451
456 451
459 453
446 538
455 676
455 786
446 531
446 533
446 526
449 443
449 126
455 126
454 126
456 126
455 141
446 525
446 528
446 532
446 522
446 523
446 524
446 527
446 529
459 126
457 126
458 126
459 451
457 451
458 451
459 452
464 126
459 537
466 676
463 676
465 126
466 693
463 693
466 677
467 126
469 126
466 141
470 32
466 138
466 451
468 451
460 451
466 724
461 451
464 451
466 126
468 126
465 451
467 451
460 126
461 126
462 126
469 451
459 534
459 535
459 536
471 451
472 451
473 451
475 451
470 126
463 126
474 126
471 126
472 126
473 126
475 126
476 126
463 141
470 34
463 138
463 451
474 451
462 451
478 126
477 126
479 126
480 126
478 451
476 451
477 451
479 451
480 451
482 126
491 126
490 126
481 126
485 126
483 126
484 126
488 126
489 126
481 141
487 141
491 138
481 138
487 138
482 451
490 451
481 451
487 451
483 451
484 451
488 451
489 451
481 676
487 676
496 126
487 126
498 126
499 137
495 724
486 126
497 126
499 126
491 141
496 141
500 34
496 138
491 451
486 451
496 451
485 451
498 451
497 451
499 451
496 676
496 693
495 677
501 126
493 126
500 126
495 141
501 270
491 786
491 714
492 126
495 126
494 126
500 270
495 138
501 271
492 451
495 451
494 451
501 451
493 451
500 451
491 676
495 676
491 693
503 138
504 138
505 138
506 138
519 138
502 138
503 451
504 451
505 137
503 126
504 126
505 126
506 126
519 126
502 126
519 141
505 451
518 451
519 451
502 451
519 676
507 126
513 451
512 126
514 126
516 451
529 451
531 451
509 451
530 451
532 126
515 126
508 126
520 451
507 451
515 451
512 451
514 451
506 451
508 451
510 451
517 451
511 451
510 126
511 126
519 786
519 714
531 126
543 126
509 126
513 126
516 126
517 126
518 126
521 126
530 126
507 138
551 1220
550 141
546 1207
543 205
553 138
552 138
550 138
526 451
524 451
525 451
521 451
522 451
546 1216
553 137
523 451
527 451
523 452
524 453
552 128
552 239
526 126
524 126
525 126
545 126
522 126
523 126
527 126
525 534
526 535
543 399
551 676
559 34
557 245
557 248
560 52
558 35
559 40
559 43
559 138
557 138
559 37
559 366
557 128
533 126
528 126
529 126
528 451
559 41
559 46
559 141
532 451
527 536
528 537
541 539
540 539
569 35
568 35
541 138
543 138
533 451
542 540
568 558
543 144
568 649
566 906
553 1216
568 37
569 37
566 893
553 1197
567 889
567 890
553 543
554 126
567 46
541 141
553 141
543 141
569 34
568 34
543 159
543 143
557 47
571 649
572 649
573 649
572 559
572 41
557 46
572 46
574 34
572 34
573 34
555 545
574 35
572 35
573 35
557 43
556 138
571 558
574 558
572 558
573 558
556 676
574 37
557 37
572 37
573 37
557 44
572 669
554 947
572 548
572 1205
561 1217
575 649
574 649
562 649
563 649
575 37
575 743
575 801
561 218
560 126
561 126
562 675
575 559
560 53
575 41
575 46
562 46
575 34
560 561
561 52
560 54
575 35
564 138
561 217
575 558
564 1213
566 46
577 46
576 34
570 34
571 34
576 35
570 35
571 35
564 1222
569 558
577 558
570 558
569 649
570 649
575 906
576 37
570 37
571 37
570 565
565 889
565 890
569 559
576 41
569 41
577 41
576 46
569 46
565 46
580 37
576 906
581 37
576 732
576 734
576 743
576 559
580 41
580 46
580 34
577 34
581 34
580 59
580 664
580 665
580 35
577 35
581 35
580 60
576 558
580 558
576 649
580 649
586 37
577 732
583 566
577 37
585 37
584 37
577 559
585 34
584 34
587 34
586 34
585 35
584 35
586 35
583 558
585 558
584 558
586 558
583 649
577 649
585 649
584 649
586 649
590 35
578 558
579 558
590 558
581 558
578 649
579 649
590 649
589 649
578 906
578 37
579 37
590 37
578 731
578 743
577 743
590 566
578 559
578 41
578 46
578 34
579 34
590 34
578 733
578 35
579 35
582 59
582 35
583 35
594 35
588 35
589 35
587 35
582 60
582 558
588 558
587 558
582 649
581 649
582 37
583 37
594 37
588 37
587 37
582 566
582 41
582 46
582 34
583 34
594 34
588 34
589 34
588 649
587 649
582 671
598 35
599 35
591 558
592 558
598 558
589 558
597 649
591 649
592 649
598 649
591 906
591 37
592 37
598 37
589 37
599 37
591 743
591 559
591 41
591 46
591 34
592 34
598 34
593 34
599 34
591 35
592 35
593 558
604 558
603 649
595 649
594 649
593 649
604 649
594 906
603 37
595 37
593 37
604 37
594 810
594 743
594 559
594 41
594 46
595 34
596 34
604 34
595 35
593 35
604 35
603 558
595 558
594 558
602 37
597 34
601 34
600 34
597 37
601 37
596 37
600 37
602 34
597 35
601 35
596 35
600 35
602 35
597 558
601 558
596 558
600 558
599 558
601 649
596 649
600 649
599 649
610 649
611 46
612 46
613 46
605 34
603 34
611 34
612 34
613 34
605 35
603 35
611 35
612 35
605 37
611 37
612 37
613 37
611 668
610 668
612 559
612 41
613 35
611 558
612 558
602 558
610 558
613 41
611 649
612 649
602 649
614 558
606 558
605 649
613 649
606 649
606 671
614 37
606 37
607 37
606 565
613 559
614 41
606 41
607 41
614 46
606 46
614 34
606 34
607 34
606 59
614 35
606 35
607 35
606 60
605 558
613 558
620 34
618 34
619 34
618 59
607 59
620 35
618 35
619 35
618 60
607 60
620 558
620 37
618 37
619 37
618 566
607 566
618 559
618 41
618 46
618 558
619 558
607 46
618 672
607 558
620 649
618 649
619 649
607 649
617 649
607 671
609 34
621 34
608 34
609 59
608 59
609 35
621 35
609 37
621 37
608 37
609 41
608 41
609 46
608 46
608 35
609 60
608 60
609 558
621 558
608 558
608 649
608 671
615 34
610 34
617 34
625 664
625 667
616 35
615 35
610 35
617 35
616 558
615 558
617 558
616 37
615 37
610 37
617 37
609 566
616 559
614 559
616 41
616 46
610 46
622 34
616 34
609 649
616 649
614 649
615 649
621 649
609 671
622 558
624 558
623 558
630 558
622 649
624 649
623 649
629 906
622 37
624 37
623 37
630 37
629 743
624 565
630 41
624 46
630 46
624 34
623 34
630 34
629 733
624 59
622 35
624 35
623 35
630 35
626 35
627 35
625 35
632 558
626 558
625 558
632 693
632 649
626 649
625 649
632 37
626 37
627 37
625 37
632 743
632 735
625 567
632 801
632 41
632 46
625 46
626 34
627 34
625 34
625 59
624 664
624 666
635 35
629 35
627 558
628 558
635 558
629 558
627 649
628 649
635 649
629 649
630 649
628 37
635 37
629 37
630 734
630 743
635 735
635 559
629 559
630 559
635 41
629 41
635 46
629 46
628 34
629 34
628 35
640 649
641 649
640 41
639 649
640 671
641 41
631 41
640 46
641 46
631 46
640 141
640 34
630 906
640 37
641 37
631 37
640 566
641 559
631 559
641 34
631 34
640 59
640 35
641 35
631 35
640 60
640 138
640 558
641 558
631 558
632 906
641 906
642 37
633 37
632 810
631 734
631 743
642 559
642 41
642 46
632 34
642 34
643 34
633 34
642 549
632 35
642 35
633 35
642 558
633 558
641 676
641 693
642 649
631 649
646 34
633 649
648 34
647 34
649 34
634 35
646 35
648 35
647 35
649 50
649 217
634 37
646 562
648 562
647 562
634 558
646 37
648 37
647 37
649 37
634 41
649 41
646 558
648 558
647 558
646 649
648 649
647 649
634 46
649 46
634 34
651 41
650 46
651 46
650 34
651 34
635 34
650 59
651 59
650 35
651 35
650 60
650 37
651 37
634 743
635 743
634 735
650 565
650 559
634 559
649 559
650 41
651 60
650 563
650 558
651 558
650 649
634 649
650 671
636 35
652 35
653 35
637 35
652 60
652 563
651 563
636 558
652 558
637 558
635 906
636 37
652 37
637 37
636 649
652 649
651 649
637 649
652 671
652 674
651 566
636 567
652 559
652 41
652 46
651 671
636 34
638 34
652 34
653 34
637 34
652 59
643 562
655 37
643 37
653 563
638 558
653 558
654 558
643 558
638 649
653 649
654 649
653 566
643 649
653 671
638 37
654 673
653 41
653 46
654 46
644 34
654 34
655 34
653 59
638 35
653 37
654 37
654 35
655 35
643 35
655 38
639 50
653 60
644 649
645 649
655 649
644 37
645 37
655 41
645 34
656 34
644 35
645 35
656 35
644 562
645 562
644 558
645 558
655 558
655 1205
656 558
660 558
657 649
656 649
660 649
658 37
657 37
656 37
660 37
662 576
662 575
658 41
661 4
662 32
658 34
657 34
662 34
662 270
662 568
658 35
657 35
660 35
656 38
662 50
661 8
657 558
662 630
659 559
662 590
658 558
659 558
662 583
662 578
658 743
659 811
659 41
662 622
662 591
658 891
662 636
659 37
659 34
660 34
659 35
662 624
658 649
662 625
663 657
662 627
659 743
662 613
662 623
658 46
662 635
667 126
662 628
662 594
662 580
659 46
662 619
662 621
658 559
659 649
662 629
662 620
662 626
662 582
663 50
668 60
667 138
877 676
662 650
662 640
662 652
662 651
662 653
668 126
662 663
668 98
668 99
669 41
669 46
667 141
662 654
662 655
662 656
663 34
663 270
669 59
668 59
668 664
667 664
663 647
669 60
663 633
663 632
663 609
663 642
663 644
663 646
663 606
663 607
663 608
663 645
663 648
663 643
663 572
663 586
705 157
665 126
669 98
669 99
664 41
664 46
665 141
705 685
705 159
664 59
665 59
666 59
663 660
665 664
664 60
665 103
665 138
705 154
705 158
665 541
663 659
665 137
705 156
666 126
666 141
667 59
666 664
666 103
667 103
666 138
779 783
850 834
833 808
670 59
833 812
669 664
840 676
766 774
849 144
838 541
833 810
833 805
850 144
851 144
779 685
670 664
838 685
767 782
833 804
669 126
833 806
833 803
669 100
767 685
840 947
705 712
767 712
766 685
780 4
833 811
840 687
670 101
779 770
779 906
765 906
766 906
840 918
840 541
767 774
765 774
857 126
672 102
858 862
859 862
671 103
855 126
856 126
672 126
862 126
671 126
857 1036
857 104
857 107
855 399
854 399
852 144
851 834
853 144
852 834
857 28
856 28
862 28
854 893
859 921
853 834
856 545
673 59
672 59
671 59
672 664
671 664
858 920
869 835
674 59
674 664
673 664
865 864
866 864
867 864
674 60
673 60
865 906
866 906
867 906
864 906
674 126
863 126
674 101
863 399
863 690
870 144
868 144
673 126
674 98
673 98
674 99
673 99
674 141
864 835
868 835
869 144
675 103
675 43
676 138
675 562
677 6
871 144
676 680
674 671
677 14
676 1212
675 126
675 46
870 835
676 685
675 59
675 664
677 11
676 12
676 21
675 60
875 143
874 143
677 143
677 20
876 138
875 138
874 138
677 138
677 873
872 676
677 906
677 893
677 1208
677 803
872 947
875 876
874 876
872 126
876 141
677 141
871 835
875 685
874 685
873 685
677 685
677 707
677 686
872 687
881 676
682 676
884 679
884 681
679 681
682 683
682 684
881 680
678 14
677 1212
884 541
881 396
881 947
876 695
877 126
682 141
884 685
883 685
881 687
682 143
884 335
678 13
678 11
678 104
678 107
682 138
884 399
876 873
883 891
682 743
884 846
682 724
884 876
682 959
682 695
884 855
884 854
682 685
684 685
884 874
682 689
685 13
682 833
685 11
683 676
684 676
685 14
682 786
884 893
682 714
685 159
884 911
886 874
885 888
685 678
685 104
685 107
885 906
885 893
886 893
885 884
884 913
884 914
884 931
685 137
886 876
885 890
885 892
686 127
686 130
686 138
686 145
687 676
885 679
686 141
885 894
885 685
886 685
887 685
698 695
689 695
691 128
888 892
696 894
888 685
887 911
695 545
696 545
695 138
691 138
887 800
696 676
699 676
691 676
693 676
699 748
696 893
698 752
888 801
887 889
696 890
892 905
700 710
892 888
890 541
889 879
890 879
891 913
892 894
889 685
891 685
893 11
889 138
700 341
890 685
701 711
892 685
889 159
890 913
889 875
890 887
889 911
890 889
890 896
890 907
891 914
889 874
891 931
890 906
888 906
891 893
892 893
701 714
889 541
889 156
893 157
890 876
892 885
701 1033
703 906
703 913
702 947
703 774
703 685
704 685
704 703
702 785
705 153
703 902
704 713
702 680
893 340
896 807
707 895
893 931
893 876
893 849
893 343
893 906
706 906
705 906
894 906
707 906
893 366
893 1212
893 541
707 706
893 894
705 910
893 685
706 685
894 685
707 685
896 685
893 159
706 707
893 875
893 335
893 553
893 999
893 913
707 913
893 940
896 889
893 903
709 1034
709 1035
900 906
708 906
898 893
710 706
898 913
898 914
898 931
708 774
711 1033
711 126
900 719
709 701
899 910
900 685
708 685
899 685
709 4
899 159
898 875
899 875
711 932
899 205
709 8
714 685
905 685
903 685
904 685
901 685
902 685
712 28
903 875
904 875
901 875
902 875
714 698
712 939
905 893
714 695
905 892
714 126
713 712
905 886
905 894
903 910
905 888
904 903
714 138
714 341
902 901
714 680
714 677
906 685
877 685
714 702
714 703
714 708
714 753
906 13
906 11
906 18
906 20
906 399
714 700
714 704
714 754
906 850
906 851
906 676
906 14
905 906
906 37
906 366
906 541
714 706
906 553
714 752
905 913
906 849
714 705
906 853
714 769
906 939
906 893
906 863
906 999
906 913
906 876
906 910
906 912
714 764
906 868
906 869
906 870
906 871
906 879
906 904
714 755
714 758
714 759
906 852
906 865
906 866
906 867
906 909
714 767
906 875
906 911
714 760
714 765
714 768
911 154
911 156
908 891
911 157
911 6
714 774
714 1098
911 14
714 906
714 803
714 947
911 126
714 934
909 910
911 685
908 685
910 685
909 685
911 159
910 875
911 13
911 153
714 862
714 1099
714 1101
911 18
911 20
913 137
715 695
714 1225
912 910
911 910
912 685
912 159
912 875
911 875
715 545
717 545
912 205
714 1102
714 1103
716 715
714 1106
714 1107
714 1109
714 1110
913 138
913 267
716 341
714 1131
718 722
920 367
919 925
918 947
717 947
718 724
717 805
717 696
717 719
920 362
717 898
913 912
913 685
914 685
717 685
916 685
913 874
914 874
717 891
913 899
717 676
717 679
717 680
920 676
719 893
719 679
921 802
925 805
921 892
921 925
920 892
922 925
921 905
925 894
920 894
921 894
923 925
719 685
920 685
922 545
921 888
920 888
920 919
925 906
922 906
925 893
920 893
921 893
924 925
921 884
719 884
920 884
719 900
920 914
920 885
718 1033
936 889
719 931
934 947
932 880
936 890
940 695
932 126
720 723
720 685
721 4
929 928
720 906
936 28
936 939
936 802
935 384
720 913
934 687
877 687
939 878
937 878
938 878
926 923
927 923
934 676
941 317
721 1034
946 890
944 890
941 685
721 1035
946 881
941 1204
946 997
940 937
941 330
722 126
941 678
946 889
944 889
721 8
941 143
941 334
946 947
942 24
944 126
941 104
941 126
944 385
944 888
941 107
721 718
944 383
941 138
943 685
946 942
942 13
946 676
942 14
940 906
940 893
946 541
944 384
941 379
944 885
947 122
947 123
947 124
947 138
947 341
947 858
947 802
947 844
947 695
724 695
722 1033
947 126
724 126
946 998
947 685
724 685
947 859
947 860
947 861
947 680
724 680
947 677
724 677
877 875
722 932
723 28
723 939
947 555
947 862
947 118
947 119
947 120
947 121
724 720
947 934
724 716
879 685
950 685
950 159
950 875
949 956
724 715
724 843
947 888
950 205
724 837
947 906
947 893
950 893
724 803
724 900
950 914
724 717
947 1225
947 892
947 905
724 862
947 877
947 924
954 4
953 957
952 931
725 545
953 335
953 842
950 931
724 947
953 890
951 879
725 695
954 960
954 8
724 1225
955 126
724 934
953 897
954 1034
906 46
954 1035
724 906
953 906
726 906
953 847
952 893
953 541
953 913
953 844
953 889
952 910
726 685
951 685
953 685
952 685
956 28
957 28
956 939
957 939
727 893
729 743
727 913
726 913
959 695
729 1033
955 1033
1002 126
958 126
727 906
958 383
727 685
959 685
955 932
730 545
727 740
727 728
729 737
730 676
730 811
730 886
730 898
731 685
730 685
731 726
959 842
959 862
959 860
730 891
730 679
730 680
959 814
959 803
730 884
730 947
730 885
730 805
730 696
731 738
732 739
731 893
959 947
961 689
959 961
960 955
961 676
961 679
733 727
961 680
960 959
960 1033
959 1225
732 906
731 906
959 906
959 948
732 893
961 696
959 934
959 949
732 685
733 685
961 685
959 953
961 687
961 545
732 726
964 963
961 950
734 906
735 906
961 906
733 906
734 893
961 884
961 947
734 727
961 805
906 47
961 898
734 685
735 685
736 4
964 965
734 741
735 742
964 966
963 967
736 8
961 891
961 952
738 939
739 939
740 939
741 939
737 1033
737 126
737 932
736 729
969 965
965 13
969 966
970 104
969 154
969 963
736 1034
736 1035
965 14
738 28
739 28
740 28
741 28
975 104
974 104
743 341
970 126
971 676
973 976
975 141
975 37
742 28
743 685
973 982
973 107
973 1227
975 107
974 107
970 107
973 983
975 138
743 680
971 138
973 149
973 1223
971 680
743 677
972 1223
742 939
973 984
973 5
975 5
971 802
973 323
974 5
973 104
972 323
971 787
971 906
973 975
971 889
971 682
971 890
973 126
975 126
743 126
985 126
986 126
976 1223
743 733
975 149
984 321
976 323
975 323
979 976
976 977
743 725
743 732
975 541
743 731
978 977
976 982
983 982
986 144
743 810
743 734
975 437
743 735
743 803
743 801
743 730
743 695
983 126
984 126
988 28
743 862
991 138
987 399
986 399
991 28
988 399
989 399
743 860
990 676
987 541
990 541
743 947
988 144
989 144
745 748
746 748
747 748
986 1204
743 906
987 28
990 682
986 1049
990 1017
743 1225
987 126
988 126
989 126
991 126
743 934
743 949
991 141
990 685
987 539
993 399
991 399
995 676
996 1017
996 676
749 748
995 991
994 126
993 991
993 126
756 126
752 141
993 141
996 685
995 685
997 1019
997 28
756 28
996 541
995 682
996 682
752 695
754 757
755 757
752 545
991 143
994 1051
993 995
752 138
993 138
753 341
994 399
756 399
760 685
998 1019
758 757
759 757
999 545
999 539
757 539
999 138
1001 399
999 399
757 399
999 676
1000 676
999 144
1000 991
999 1204
760 906
999 28
998 28
757 28
999 541
757 541
756 541
1000 682
760 774
1001 126
999 126
998 126
757 126
999 141
762 685
761 685
1004 1039
1001 687
1003 687
1003 965
1005 346
762 782
761 906
1005 28
761 762
762 366
1001 969
1001 833
1005 323
1005 399
1004 399
1001 676
1001 677
1003 969
1001 541
761 541
762 761
761 838
762 774
1005 126
1004 126
762 773
761 773
762 906
764 906
762 838
764 774
764 712
764 685
765 685
763 685
764 953
764 782
763 766
1018 107
1011 677
1006 687
1005 1204
1005 984
1018 126
1015 987
1011 987
1012 987
1016 987
1014 987
1017 126
1006 833
1012 541
1007 987
768 906
1008 987
1006 792
1018 104
1009 987
1005 973
1006 126
1018 138
1005 975
1006 399
1018 141
1006 749
1011 947
768 685
1006 676
768 774
1005 976
1010 987
769 685
769 774
1013 987
1006 699
1005 979
767 906
1017 28
1015 28
1012 28
1016 28
1006 714
1006 541
771 766
773 153
1023 24
1020 138
1022 138
769 906
772 906
1018 367
1022 367
1021 367
1019 28
773 154
1018 323
1018 399
1020 399
1020 989
1018 1204
1022 1204
1020 999
1023 14
773 156
773 157
1018 239
1019 126
1022 126
1020 141
1022 141
1018 226
772 773
772 685
771 685
1018 244
1023 13
1024 687
1023 687
1024 346
774 782
1023 104
1023 107
1024 138
1023 138
773 158
1024 676
775 906
774 906
773 906
1023 541
775 774
773 774
1023 676
1024 1204
1023 1204
775 938
1023 126
1024 1036
1023 1036
1024 141
1023 141
774 712
775 685
774 685
773 685
773 159
1026 126
1025 141
776 773
776 910
776 685
1027 685
777 685
778 685
1026 1025
776 906
777 906
1024 1223
778 335
1029 138
1025 138
1028 399
1026 367
1025 367
1025 28
1026 28
1028 541
778 541
1027 682
777 774
1027 1017
1028 126
1025 126
778 754
778 755
1027 676
1028 1204
1033 540
1029 1017
1033 1050
1033 326
778 1098
778 758
1031 1044
1029 141
1029 685
778 759
1030 685
1031 1047
1029 676
1029 786
1031 1046
1030 676
1031 4
1033 539
1030 991
778 1099
778 1101
778 893
1029 541
1033 1032
1031 1041
1031 1045
1031 1043
1033 999
778 931
1029 682
1030 682
778 1102
778 1103
1031 1042
1031 8
779 541
779 156
779 157
779 159
779 153
778 1106
778 1107
778 1109
778 1110
779 154
779 158
779 326
779 676
778 1131
1043 539
1036 126
1039 126
1039 1038
780 784
1041 216
1042 1032
1033 1068
1041 220
1039 1040
1033 1077
1041 320
1042 126
781 126
1043 320
1042 320
1043 540
1036 1210
780 1034
780 8
1036 104
1035 1034
1038 141
1042 104
780 1035
1036 107
1036 1223
1042 107
1040 1037
1039 1037
1038 138
1041 4
1042 1084
1043 4
1038 1040
1037 1040
1040 126
1042 4
1043 34
1039 1203
1041 539
785 545
1044 146
783 782
1044 964
1044 966
1044 967
1045 104
1045 107
1045 319
1045 320
784 781
1043 676
785 676
1043 1034
1043 1035
784 786
782 28
782 939
783 939
1045 541
1043 541
1045 553
784 1033
781 1033
1043 1033
1045 126
1045 141
1045 4
1044 394
781 932
1043 933
786 695
1045 1033
785 805
785 696
786 126
1046 141
1046 383
786 685
785 685
1046 4
785 778
1045 1069
1045 1077
1046 132
786 138
1046 138
1046 320
786 341
1045 1078
785 947
786 682
786 676
786 680
785 680
786 677
1046 540
786 754
786 755
786 758
786 759
786 763
786 771
786 761
786 752
786 703
786 764
786 767
786 753
1046 539
786 760
786 765
786 768
786 769
1051 539
1055 1088
1046 1199
1059 28
1059 1052
786 785
1046 1200
1046 888
1056 1082
1054 541
1057 1082
1046 885
786 772
1050 1033
786 862
1055 1063
1060 540
1055 541
1049 126
1058 540
1053 676
1060 126
1049 1066
1049 1198
786 777
1046 676
1052 1066
1046 687
1046 1201
1053 539
1052 1053
1059 1053
786 775
1049 28
1054 28
1059 1066
786 803
1052 358
1060 358
1051 358
786 776
1052 539
786 934
1077 540
1070 1072
1071 1072
1077 1065
1074 1088
1075 1088
1076 1059
1077 1064
1072 539
1073 539
1068 539
1071 539
1071 1070
786 1099
786 1101
786 1102
786 1103
786 1106
1076 1053
786 906
1074 541
1075 541
1076 1066
1069 1078
1069 553
1073 358
1077 358
786 947
786 1098
1060 1063
1074 1063
1075 1063
1073 126
786 1109
1079 1080
786 1110
1085 1088
786 1131
1084 997
1089 986
1083 1058
1083 1019
1084 1058
1084 1019
1093 986
1084 540
1086 947
787 545
1078 539
1092 1091
1091 399
1094 399
1088 137
787 695
1091 1051
786 1225
1090 399
1085 1063
1079 1088
1092 1051
786 1107
1086 28
1085 541
1090 541
1077 1078
1084 358
1089 126
1091 126
1086 126
1092 126
1093 126
1084 998
1095 141
792 791
790 791
1096 986
1095 986
906 67
1096 138
1095 138
792 789
791 789
788 789
792 676
1094 988
792 748
792 793
1096 126
1095 126
1096 141
792 788
1100 988
1101 988
1102 988
1103 988
1103 541
793 748
1104 126
793 788
1099 1098
792 794
1101 1098
793 794
1102 1098
792 796
1103 1098
1097 138
1097 126
1100 399
1099 126
1104 399
1101 126
793 790
1099 988
1099 28
1101 28
1102 28
1103 28
1099 541
1100 541
1101 541
1102 541
1102 126
1103 126
1105 126
1109 126
793 898
1107 28
793 795
793 796
1105 399
793 797
793 883
1106 988
1104 988
1105 988
1107 988
1109 988
1106 28
1109 28
1106 541
1107 541
1104 541
1105 541
1109 541
793 803
793 884
793 805
1106 1098
1109 1098
1106 126
1107 126
1111 126
795 794
1111 141
797 791
1113 1112
1112 1051
1113 1051
1111 138
793 906
1112 399
1111 399
796 789
798 819
1110 28
1110 541
794 810
794 814
794 803
1110 1098
906 126
1112 126
1113 126
1110 126
1110 988
1111 989
1115 986
1116 986
1120 138
1119 399
1119 988
799 680
799 906
801 802
799 947
798 1033
799 696
1115 126
1116 126
1119 126
1117 126
1118 126
801 685
800 685
1114 1072
799 689
1117 1120
1118 1120
798 833
800 809
1126 399
1127 399
1128 399
1123 988
1129 126
1120 141
1123 541
801 820
1120 541
802 335
1120 988
1124 1120
1129 1120
802 326
1125 988
1126 988
1127 988
802 399
1128 988
1123 399
1120 399
1130 399
1125 399
801 906
1130 541
801 913
801 889
801 890
1123 126
1121 126
1124 126
1125 126
1126 126
1127 126
1128 126
1132 1020
1132 986
803 132
1131 399
802 907
1132 1117
1132 988
1130 988
1132 989
1131 144
802 906
802 847
1131 28
1131 541
802 844
802 889
802 890
1132 126
1131 126
802 848
802 685
1132 1115
802 820
803 335
1132 1089
1139 541
1138 399
1133 541
1140 399
803 901
804 676
1136 541
1132 1118
1132 1124
1132 1129
1139 988
1136 988
1137 988
1138 988
803 906
804 802
804 541
1138 541
803 913
803 805
1138 126
1139 126
1136 141
804 685
803 685
1132 1120
803 821
1136 399
1137 399
1139 399
1140 988
1144 126
1143 541
1143 126
1149 126
1143 144
1147 541
1142 126
1149 144
1144 141
1148 541
804 913
1141 1072
1142 138
1143 539
1145 399
1144 986
1146 399
1142 986
1143 399
1143 141
1149 141
804 890
1142 141
1145 126
1144 138
1148 399
1143 138
1149 138
804 823
1145 988
1148 988
804 906
1146 28
1143 28
1148 28
1149 28
1145 541
1146 126
805 126
1152 399
1156 1051
1159 1051
1151 126
1157 126
1155 126
1154 399
1150 986
1156 126
805 138
1153 399
1152 126
1151 988
1150 138
1155 988
1155 138
1151 399
1152 988
1149 399
1154 988
1153 126
1155 399
1153 988
1156 399
1150 141
1159 399
1155 141
805 1212
1149 541
1151 541
1155 541
1152 541
1153 541
805 876
1150 126
805 685
805 545
1149 539
1160 399
1162 399
1161 399
1163 399
806 824
808 825
806 906
806 802
806 804
806 890
1160 126
1164 126
1162 126
1161 126
1163 126
806 685
808 685
809 685
807 685
1160 1073
1162 1051
1161 1051
1163 1051
808 815
807 879
1164 1051
1165 1051
1166 1051
809 879
1167 399
1168 399
1164 399
1165 399
1166 399
810 676
810 906
810 802
810 541
810 913
811 156
810 890
1167 126
1168 126
1165 126
1166 126
809 910
810 685
811 685
1167 1073
1168 1073
810 827
812 685
814 159
813 911
1169 1073
814 335
813 809
814 138
814 399
1169 399
814 28
811 893
812 814
814 437
811 913
811 914
811 931
814 126
1169 126
813 685
1180 126
1181 126
1180 1164
1182 126
1175 1159
1181 1165
1179 1051
1176 1161
1177 1072
1170 399
1179 1163
814 676
1180 1051
1178 1072
1177 687
1177 676
1170 1051
1181 1051
1171 1073
1172 1156
1172 1051
1174 1158
1175 1051
1176 1051
814 541
814 682
1170 126
1172 126
1175 126
1176 126
1179 126
1171 126
1171 1160
814 685
815 828
1191 541
1188 126
1191 126
814 873
1189 126
1190 988
814 875
1188 1160
1191 144
1192 1068
814 913
1193 137
815 685
1182 1166
1185 1168
1184 1073
1185 1073
1184 1167
1187 1073
1186 1072
1188 1073
1182 1051
1189 1051
1193 138
1191 399
1183 1072
814 906
1191 28
815 802
1187 1169
1184 126
1187 126
1185 126
1195 986
1196 399
815 913
816 399
1194 399
815 889
815 890
1195 126
1194 988
1196 989
1199 1200
1201 1200
1201 1202
1212 1211
1196 126
1203 1227
1203 126
1193 1053
815 906
1193 1197
1198 1197
1211 1212
1194 541
1194 126
1210 126
1193 141
816 685
1210 1223
816 829
1204 1203
1216 1207
816 335
816 906
816 847
816 913
816 844
816 890
816 848
1219 1218
906 132
820 725
820 28
817 814
819 1033
819 126
816 1191
817 685
818 4
819 932
818 798
818 8
818 1034
818 1035
821 28
820 939
821 939
822 939
820 936
821 545
823 826
825 826
824 823
826 28
829 725
826 725
829 28
827 28
829 939
827 939
829 553
830 889
830 126
830 383
826 936
827 936
830 385
828 826
831 810
831 889
830 890
831 890
833 126
832 383
831 383
833 545
832 385
831 385
833 679
832 694
832 697
833 680
833 677
833 787
833 732
833 731
833 734
833 735
833 801
833 695
833 799
833 685
833 733
833 906
833 893
833 814
833 884
833 885
833 886
833 894
833 898
833 816
833 815
833 817
833 883
833 891
833 947
833 1225
834 126
833 949
833 953
833 1143
833 1149
833 908
833 916
833 923
833 926
833 927
838 28
835 28
837 28
834 541
835 541
838 126
835 126
836 971
836 833
837 862
838 399
834 399
835 399
836 399
836 676
836 677
838 906
838 762
839 541
838 761
838 752
838 774
838 695
840 126
839 687
839 920
839 399
840 399
838 873
839 676
843 28
842 28
841 918
843 541
842 541
843 900
841 126
843 126
842 126
841 687
843 539
842 539
841 399
843 399
842 399
841 676
844 144
844 367
844 28
844 893
844 541
844 126
844 362
844 687
844 545
844 399
844 676
845 126
845 141
844 894
845 159
845 143
845 138
845 144
846 893
847 889
847 890
847 126
846 126
848 126
848 687
845 205
847 399
846 399
848 399
845 399
848 676
861 922
861 545
861 862
880 541
879 911
880 539
881 136
880 676
886 931
893 14
893 37
893 156
893 47
893 126
893 46
893 143
893 13
893 153
893 18
893 20
893 67
893 132
893 138
893 154
897 889
898 685
897 685
897 911
897 951
906 137
906 156
906 157
906 343
906 159
906 143
906 335
906 153
906 138
906 154
906 267
906 340
906 1212
907 889
907 685
907 911
907 813
917 4
918 687
917 941
917 8
918 676
932 1053
932 1076
932 1033
933 126
933 4
932 1054
933 539
945 384
945 900
945 383
946 4
946 539
945 385
949 906
949 913
949 876
948 695
949 685
948 545
959 126
958 953
959 341
959 680
959 677
969 126
969 1203
969 153
965 966
967 966
968 967
965 963
975 787
975 792
975 972
975 971
975 1223
976 138
976 149
975 976
975 977
975 979
992 541
991 541
997 126
992 126
991 685
992 399
991 676
1002 969
1002 541
1003 126
1003 399
1002 399
1003 676
1018 28
1017 541
1017 437
1017 141
1017 685
1017 143
1017 138
1017 399
1017 676
1024 14
1024 28
1024 126
1024 24
1024 104
1024 107
1033 28
1033 358
1033 137
1033 126
1033 141
1033 138
1033 269
1042 1067
1042 1070
1042 1056
1042 1083
1042 1058
1047 1053
1047 1048
1047 1066
1047 358
1047 1052
1047 1193
1048 126
1047 126
1047 1191
1047 4
1047 539
1047 1081
1048 132
1047 320
1066 28
1064 541
1061 541
1065 1066
1062 358
1062 1063
1061 1063
1066 126
1062 126
1067 1072
1063 539
1063 393
1063 1088
1061 1088
1083 358
1082 126
1083 998
1082 994
1083 997
1082 1051
1083 540
1083 144
1098 541
1097 986
1098 399
1098 988
1108 28
1108 541
1108 126
1108 399
1108 988
1122 541
1122 399
1121 988
1122 988
1135 126
1136 126
1134 1072
1135 986
1136 138
1133 1088
1147 28
1147 126
1148 126
1147 399
1146 988
1147 144
1158 126
1159 126
1157 1051
1158 1051
1158 399
1174 126
1173 1157
1173 1051
1174 1051
1190 541
1190 126
1190 141
1190 138
1190 399
1226 126
1225 104
1225 107
1232 1231
1219 1220
